target
0.23350310996749307
0.22132221225387466
-0.105636382
0.06979020359665394
0.2539522268201812
0.17260820355506895
-0.151836439
0.22312049864473643
-0.09065989
0.251487128052372
-0.601552377
-0.572352263
-0.347048736
0.07046980962327226
-0.116538208
0.017015913622099532
0.2488611640195479
0.3612027383332999
0.3557917078371346
0.6957298811633743
0.6576209329024212
0.6875133048968103
0.8652230063456974
0.9493002503210219
0.8963297949599063
0.7824574867013072
0.9843589588280794
0.5251355338361161
0.42688330475706543
0.3008025863371439
0.326765168491254
0.6542673592262296
0.47217204175947985
0.5034805681776402
0.5223076611850013
0.2938083480777613
0.6186908832076503
0.4668255776508557
0.4732148385642227
0.5030521730117912
0.6723031032431961
0.8975665197147933
0.6454438575184644
0.3748174260633261
0.3573256290422046
0.11370082594667358
0.4574463300298312
0.6920797129302416
0.6636876117852912
0.4836983460883016
0.33869283034462777
0.28451257443939787
-0.047703011
0.3339036104494644
0.1767862542184263
0.35100180562997413
0.4327961934595553
0.141470437156205
0.7973926463640277
0.5657900561698008
0.6554189535161992
0.10052100139613335
0.07585406813943485
0.09240569199307941
0.33144182294300545
-0.066158521
0.12582487399365905
-0.366496008
-0.653078177
-0.347556714
0.06196702442384239
-0.426799617
-0.073991669
-0.024024877
0.5273599274366054
-0.146568091
0.1869525722381269
0.590679838055338
0.7949479122221257
0.7148189180574034
0.6441046022917059
0.8597015930152581
0.9245318324757767
0.6041081633837131
0.8382147219729366
0.9788206101545243
1.126789500570869
1.0023886334455667
1.0348260137652963
1.0597682740167806
1.2264187122157963
1.046248390345933
0.7989547421511596
0.7807480215834546
0.2175817126504364
0.3543163014487472
0.5458232598144728
0.778195488409714
0.7803888211851899
0.6686929419505996
0.704654540065176
0.6622667195731919
0.7807643992156053
0.6441461726753293
0.7686480890283751
1.028825537584204
1.186977094139434
1.0649673556785053
1.0607262044656287
0.8838560465278547
0.8887957002843172
0.8136342167585173
0.8876966508641015
-0.04000546
-0.384237105
-0.371237404
-0.402915163
-0.250661292
-0.127686775
-0.035169631
0.12803198408611066
-0.176255321
-0.325221133
0.15674154285544944
-0.054175422
0.07179534345888078
0.32623982608565133
0.5838109111547818
0.7747461539075404
0.4166447118325666
0.8927484892795754
1.2281669990020168
1.15868930617787
1.080048687964627
1.1685092978945042
1.2141162889116897
0.8022689043663342
0.7676425998675396
0.9999618542062001
0.5705744569401074
0.8470585232217089
-0.930786446
-1.406476134
0.08078229366109435
0.617816543959397
-1.26262459
0.4111377007992057
0.08047308446387608
0.6347803080558803
-2.036905183
-2.764995364
-1.57946122
-1.016578438
-1.925952653
-1.833635865
-2.554363202
-2.354753327
-2.268952142
-2.105649208
-2.343103362
-4.200124488
-2.302460206
-0.657408337
-0.185217145
-0.321754234
0.04100729718993634
0.5212615552879678
0.42542281098476425
0.6562015209343326
0.7213637623423892
0.8727555493549948
0.8146407160310389
0.33591760489963546
0.9531299144532661
0.9528578683694171
0.9143802146035769
1.00141043089359
1.142808172068577
0.6056433123228151
1.0159816384132558
0.6286618303290075
1.1024839815958105
1.0059174489438891
0.053011543828471674
0.573409515554663
0.6347248839206778
0.7741816826354295
0.08734867155047726
0.46838067666031086
0.36431744552186257
0.5282563960629743
0.8398706635294937
0.6824075390210289
0.35939462623481827
0.5546906774982039
0.12854661657111544
0.05893602794176944
0.1699884090177245
-1.083335806
-0.213070124
-0.387576952
-0.137929595
0.17206990031342856
-0.294401507
-0.622264604
0.07875702356761471
-0.219378891
-0.314200447
-0.646610396
-1.156499034
-2.688028848
-1.484814234
-0.425274966
-0.015120468
-0.29249314
0.1831963621055236
0.33789674037648415
0.19486477059705037
0.30779941506412195
0.2389681201929827
0.5735332408942986
0.7253352202066081
-0.334729477
-2.132687513
-0.920337075
0.13736154742578338
-0.026578128
0.6141622970778524
0.4665551294113331
-0.0475291
-0.24446093
-0.988504681
-2.026528311
-1.976716856
-1.387438003
-0.864675266
-0.619636271
-0.364723011
-0.323180715
-0.053811025
0.22874976513002493
0.38307086569669363
-0.699673381
-1.877602814
-2.211744957
-1.610892919
-1.027782476
-0.509282663
-0.792056964
-0.309047594
0.15139955698925073
0.4595247106659564
-0.033753485
0.2363258274225985
-1.000009312
-0.305238048
0.2229585681558111
0.3440808530495307
-0.540613679
-0.067284614
0.02444825785296939
0.2194196967364302
0.7476520937741511
0.25601688833942843
0.07107734151818818
0.8287595513301815
0.9966354498349588
0.4840440473145537
0.33581504812590385
-0.36487062
0.32486616258009754
-0.512125585
-0.091470606
-0.271885018
-0.437934827
-0.747768486
-0.08911051
-0.797196137
-0.887401147
-1.133703271
-0.571356594
-1.01115212
-0.855665297
-1.034560453
-0.656561868
-1.155033056
-0.460944314
-0.147919126
-0.084053209
-1.490661654
-0.39334981
-0.745080708
0.20090148242027978
0.4065295304262328
-0.161387202
0.15481478325547787
0.05266019985119713
0.5240330832632532
0.6186637987681554
0.7177379591042212
0.3514773112408666
0.556159926454957
0.020740066300981463
-0.678004091
-1.511806112
-2.294927926
-1.323689572
-2.453860097
-0.129691407
-2.442482294
-1.588469179
-0.376793476
-0.556366572
-0.22801361
0.21520865299334285
0.06352478817217572
0.4534556196902583
0.5074550320070066
0.43268726294039966
0.2702288226495683
0.20963548138227334
0.33649022932770695
0.6196079484102768
0.82849392474003
1.2400705305341586
0.20963559667346482
-2.259990706
-0.609783955
-0.182320902
-2.750876641
-0.54947891
0.04565999867216908
0.2347568412696071
0.14784842937770637
-0.28301703
-0.388015032
0.006711565863803948
0.19459728886903788
0.21811037040544384
0.17219374672389504
-0.027829383
-0.247070956
0.49308418165066353
0.5829989010341201
0.246191607035882
0.5697265838791843
0.6528590932344702
0.4489310073200216
0.2595761514929415
0.18527648669355817
0.2274218339755933
0.019840868638281883
0.23075476335859463
0.5878230045979267
-0.516193771
-0.574585323
-0.125154
-0.680469301
-0.379106288
0.617194646196694
0.7881732105630554
-0.504450243
0.024080924633153755
0.4239724313384376
0.20581362685876098
0.6897514229782893
0.4819238326779198
0.2861018597607841
-0.136268825
0.6941414666683909
1.6581057997845425
0.23625688614147927
0.5112393208425023
0.6992133480119882
0.7720680962996826
0.9024794440570105
0.6097386645976441
0.8935837534379893
0.7371739639506243
0.020139422091576098
-0.313953443
0.13504953368137534
0.44018371348501756
0.5621767068901034
0.6103360019099244
0.044154238880385
0.45085218650887976
0.9282995928792142
0.4930605816897377
0.624923141905424
0.5792164201563779
0.32084534437517936
0.4695740967495345
0.31589120636763396
0.5326798562241084
-0.362785051
0.19581621212944889
0.569313722133236
0.5722540244848369
0.4634919638108274
-0.052617204
-0.796742865
-0.359601435
0.10033267343201113
0.5775806811622755
-0.347298586
-0.017102533
-0.130528182
-0.36207544
-1.772303694
-1.73091657
-0.618792323
-0.274690768
0.25338871853691886
0.019965127952351946
-0.715749802
-0.677116671
-0.197069268
-0.198985426
-1.718886636
-0.53999622
0.026094538232026288
-0.09313172
-1.25739966
-1.424399361
-1.334638909
-1.194055126
-0.700190693
-1.193981337
-2.057414348
-2.245201273
-2.286209809
-2.026385297
-0.845655948
-0.534747527
-0.243318817
-0.552879855
-0.528820335
-1.172107189
-0.736222705
-0.056264498
-0.794233125
-0.711033062
-0.470005601
-0.060041256
0.26538297359937685
0.05661746196351214
-0.679637159
-0.405705355
0.03354903885435545
0.3811968481365066
0.25166630831158326
0.32792434448360624
0.3571303095328479
0.40839645718865086
0.33600207717834646
0.19793701061170949
0.49915004157940596
0.5007878400920276
0.2448543075984318
-1.03785815
-1.848792147
-1.379767924
-1.404523219
-1.757316743
-1.401119184
-0.397437261
-1.079505175
-0.816527706
-0.837003015
-0.703543799
-2.440578233
-1.449090713
-0.797667677
-0.42268185
-0.412394492
-1.524110894
-1.772429654
-1.324775464
-2.026964768
-2.34135019
-1.549911432
-2.651137987
-3.341884499
-1.436073932
-0.024572051
0.02762510190147366
-0.246793601
-0.411857177
0.08300481110927349
-0.246505178
-0.162241021
0.3272930341638995
0.4579312093213134
0.44674242334244624
0.5888097288839851
0.4156945454887208
0.6404095940772254
0.44974265992262613
0.3584236456473007
0.3622258161689326
-0.079968943
-1.439928038
-1.131075445
-0.783949998
-0.361772815
-0.221489321
-1.363529848
-1.024364298
0.17758917613787323
-0.410349613
0.34261295363735916
0.6021914514167896
-0.418818838
0.5157855447436728
0.5257624088923181
0.8673235883083905
1.0517988937481575
0.8366191928282356
0.8253520386521023
0.6163930699247366
0.7084707571791429
0.394337523504716
-0.184406697
-1.687604547
-1.06987121
0.05128910884260679
0.5364641987333694
-1.274864354
-0.91231489
-0.506314147
-0.029675749
0.20200734152099775
0.26906894418459454
-1.571026013
-2.516484747
-0.526827013
-1.735091764
-1.140864204
-1.951587188
-3.264359627
-1.208482548
-0.757395005
-1.271470111
-0.291446966
0.334798938434492
0.2867857987779174
-0.109700769
0.3409952882502801
0.29504688855629196
-1.255920797
-0.410284259
-0.212986674
-0.247722517
-0.66627917
-2.111049903
-3.415830039
-2.333351668
-1.878363474
-1.104835479
-0.549353188
-0.631241724
-2.215447538
-1.544179914
-0.487069109
-0.245482711
0.01897893962196967
0.36439522899676685
-0.226677623
-1.017211533
-1.24335168
0.013457849999095384
0.46180312880214286
0.1579034901028491
0.30636720401868983
0.04664326035939642
0.33281259393746115
-0.060753853
-0.019553702
-0.267302296
-0.448928019
-1.72900899
-2.465904042
-4.114759049
-2.791375747
-1.425182664
-1.29960665
-2.207840293
-2.685447809
-1.357225883
-2.12948639
-3.240870594
-2.182239978
-2.529714837
-2.094117329
-0.320790204
-0.919454455
-0.732005858
-0.483605066
-1.057202731
0.03705158404964065
-0.171961431
0.17998517529757968
0.6241570943867873
0.5811578739399978
0.06921104471617218
-0.467701883
-1.350429503
-0.713389441
-0.255911896
-0.039201895
-0.20681372
-0.608970548
-1.385431934
-2.811153883
-1.471070336
-1.553233441
-1.463538815
-1.051297995
-1.410203458
-2.526774965
-3.615538677
-1.6120261
-1.123278008
-0.78896618
-1.89977572
-1.290777787
-2.125884229
-2.086616339
-2.272164997
-1.190230412
-1.32488496
-1.920464929
-1.82711369
-2.323285768
-0.951709845
-0.301127509
0.1183693126496102
0.06860604514537427
0.06976010574371311
0.005888586794985107
0.16990174531501612
-0.137327969
0.06119324519441177
-0.689881605
-2.534111321
-2.14360334
-1.122561486
-1.495994392
-0.959384721
-1.017556332
-0.349002963
-1.150567128
-0.919121735
-1.303707647
-2.004001664
-2.911206969
-2.835811921
-2.289500215
-1.104384464
-0.725418568
-0.220019958
-0.280879598
-0.200165726
-0.03625022
-0.632614104
-0.247361269
-0.215666696
0.216140324656727
-0.118683543
0.38878683626024974
-0.280469156
0.20792637792053498
0.24899630512518417
-0.274320062
0.04303416699111068
0.14456442644815232
0.25246583007747175
-0.603686097
-0.3291513
0.06531173490072778
0.2077294009700082
0.3257620008024091
0.3769210469501932
0.01115939681196132
-0.451748892
-0.705695243
-0.659633924
-0.475878584
-0.37596354
0.21787499217727108
0.31734791785163513
-0.327135129
-0.359949371
-1.947372334
-0.316149158
-0.539029476
0.13500333219618643
0.036489054716521474
-0.056113125
-0.646586563
-0.75320137
-0.981662948
-0.413524387
-0.563580298
-0.346776392
-0.029249602
0.20977254309152232
0.24404736518146503
0.07153467328020463
0.20241959278180394
0.056237131639388094
0.09294994824179736
-0.133793718
0.09162475915311946
0.09409033287515706
0.19495609119579888
-0.069431226
-0.491151343
-0.000502851
0.23892716362112393
-0.059093183
-0.078750384
-0.245754619
0.14442039548001956
-0.418864272
-0.150295038
0.08225347740317768
-0.075911083
-0.948441262
-0.622736229
-0.463753035
-0.193732847
-0.223684045
-0.049471322
-0.245294617
-0.236657385
-0.300907764
-0.747262134
-0.86816471
-0.523809045
-1.306525429
-0.318611298
0.3285327055640523
0.3453945043950815
-0.313058454
-0.771938581
-1.591613457
-0.613851091
-0.305259541
-0.224766972
-0.333453158
-0.021680321
-0.515408727
-1.852678734
-1.900575156
-0.725001729
-0.069794506
-0.173339173
0.2583842458026237
-0.009197141
-0.347306061
-0.393151527
-0.24686567
-0.048294716
-0.096549494
-0.692748067
-1.282830032
-0.443922845
-0.553560249
-0.200235481
-0.239652462
-0.592737486
-0.34841827
-0.340514128
-2.188636556
-2.459462058
-1.817181043
-0.293353479
-0.197929168
-0.555119224
0.06578763308827734
0.15516208951928118
0.2329131387543953
-0.051179033
-0.555941696
-0.780250445
-0.471036488
-0.941243237
-2.425520775
-1.905518479
-1.461200892
-1.47630749
-1.772008107
-2.983722279
-2.109590727
-2.454050816
-3.017925341
-1.431232573
-0.802113312
0.04261751132347835
-0.051352626
0.1368772147081676
0.08503506019568002
0.00013621547593384298
-0.936238518
-0.861564652
-0.311752777
-0.298856829
-0.838161357
-2.036301229
-1.480983671
-0.285800869
-0.113438621
0.3937027955865781
0.3088069683615307
0.0809389133638963
0.34298122167329176
0.5161105703212239
0.6374874040582732
0.5870486472166383
0.24535384056256232
0.432167510553828
0.5389069288149386
0.6529107981349178
-0.023193675
0.24964863784614216
0.2568859502051039
0.3469913860313036
0.2639330250069934
0.1920431440680624
-0.021530216
0.365207608507989
0.33860255463601147
0.10327557691077915
0.5111530994558497
-0.115986614
0.10295866677261811
0.024219421318600665
-0.173185744
0.19366788672752278
0.49634712337494175
0.5301089882617613
-0.004060116
-0.480538421
-0.33995157
-0.901153741
-2.228098694
-3.276227165
-1.420114319
-1.41750769
-2.890626488
-3.687579747
-1.189065422
-0.179449028
-0.453674436
-0.20449563
0.1117825488261106
0.012177320836174066
0.057133849893948874
-0.982299399
-0.913799321
-0.448626191
-0.257605634
-0.416142524
-0.277629911
-0.893777406
-0.237488683
-0.145937168
-0.889456637
-2.112168109
-1.137327894
0.06127707853917508
-0.130414411
-0.060389545
0.13722839305171025
0.4658609928479031
-0.224202556
-1.302760363
-0.802765248
-0.265355664
-1.246520389
-0.42424829
-0.047623535
-0.282600927
0.11095460685347153
-0.043967824
-0.024219876
0.1561230649405816
0.09212610044068564
0.057599780058391004
-0.189458241
0.1784498110635125
-0.268213859
-0.102993392
-0.256674538
-0.096397242
-0.029153413
-1.419054423
-2.539608411
-2.872960571
-1.22298671
-1.765846173
-0.503362591
-0.579904157
-0.072161474
-0.214328398
-0.074268202
-0.388534382
-0.168178869
-0.2452695
-0.103148094
-1.009419852
-0.588517371
-0.654697485
-1.244344736
-2.707028012
-1.316489629
-0.528439615
-0.980394172
-0.777932725
-2.165966302
-2.586709173
-1.831144706
-0.625740377
-0.716140842
-0.356885167
-0.837189217
-0.830582614
-0.547297678
-0.322678993
-0.008509366
-0.020187899
-1.292513956
-0.598486059
-0.038413134
-0.072143727
0.09132507570854037
-0.428591606
-0.854288892
-1.125528792
-1.288247481
-1.115782202
-0.841887713
-0.547594253
-0.787174443
-0.356651229
-0.359988828
0.17694312802191514
0.5179901029988416
0.364967727185423
0.5311882260304255
0.3673626180074316
0.5549751351803964
0.3629216521250334
-0.176110597
-0.292796157
-0.258875758
-0.89421703
-0.2058423
-0.351950513
-0.195693155
0.22486336596111528
0.22682766436489915
-1.143736994
-2.018465333
-0.312729086
-1.328815672
-1.491474482
-0.774297484
-1.309440753
-1.087722026
-0.412267724
-0.385988423
-0.601734925
-1.082089222
-1.515842063
-1.065076555
-2.10921856
-3.063775899
-1.975068231
-0.381688756
0.006555819931350737
-0.204743909
-0.012850531
0.11319027815938854
0.32978650927648995
0.21888517075518593
-0.14988059
-1.439456911
-0.336977958
-0.007478683
-0.044385443
-0.196982703
-1.015915928
-0.499619285
-0.514925497
-0.018049454
0.1888010216203559
-0.082533065
0.26589268866837684
0.11846084621478054
0.07194366773636568
-0.356143799
-1.076276382
-0.833346438
-1.027097401
-0.176352943
-0.095488705
0.3136099224205518
-0.121980202
0.31061156017322394
0.5476556699111204
0.6664388995518999
0.5445945131140884
0.5253908205430287
0.8912572933578637
-0.546457138
0.432770097933497
0.2927392077253424
0.44785610191880293
0.08650069061961835
-0.139985475
0.273853557807565
-0.028745884
-0.221599905
-0.471549271
-0.12396213
-2.439131396
-1.696809788
-0.393312091
-0.400500618
-0.066051654
0.15820908915992893
0.41048308233871716
-0.772043683
-2.763763949
-1.313189315
-1.809067865
-2.015161705
-0.839198469
-0.020864823
0.27574226816688613
0.2030703988348576
0.03559745066935899
-0.670339847
-0.29514145
0.0132841152990964
-0.082527384
0.08516826166637675
0.26864599387208893
0.4963092408124334
0.22412783087787141
-0.358447734
0.1142033444875587
-0.938292104
-0.166914468
0.06915306387135495
-0.195594512
-0.857114021
0.048611143104180354
0.18222626413405013
-0.014235126
-0.734589868
-1.263412716
0.08320571028050172
0.641261325086576
-0.269219999
-0.649319568
0.07626716594645788
0.35156382531001035
0.4701974081614558
0.34618376626048536
-0.50623297
-0.163796601
-0.075339866
-0.094839296
-1.659134835
-0.368057425
-0.423323548
0.0533916633684019
-0.104760836
-0.547195625
-1.566609155
-0.330844553
0.36189847910699885
0.4293901516029938
0.39514529320532304
0.574419871201564
0.9955474750541597
-0.106934715
0.20590919294426518
-0.461222694
0.17787277259900192
-0.301050159
0.7193145368646372
0.48926409988823777
-0.540972686
-0.006585592
0.06227195237911248
-0.083968938
0.15139363328201955
-0.357361731
0.5991159276326004
0.8477932087079465
-0.053659418
-0.696333238
-0.975416826
-1.295859056
-0.849652852
-0.878888703
-0.381846627
-0.20629404
-0.003948879
-0.095003708
-0.000489373
-0.626954564
0.11528083735425304
-0.080137677
-0.385918617
0.13546526341556658
-0.240366315
0.3614931490844124
-0.054736412
0.334800637966234
-0.432909744
-0.793340315
-0.238481415
-0.172599167
-0.18025733
-0.499749901
-0.895306633
-0.492853831
0.05311960406129773
0.17486313226397732
0.5280909285623101
0.4142056528850408
0.08267781856828277
0.31650320379370617
0.4608552473240159
0.725473159339524
0.6208996684529344
0.5750578154695214
-0.796633498
-0.038073646
-0.669229064
-0.354364621
0.09501885582758707
0.20720965060369329
-0.304426634
-1.119643648
-1.875751557
-0.989527655
-0.243810617
-0.327392195
-0.167086994
-0.026857593
-0.530852356
-0.556485824
-0.389994093
-0.122673434
-0.032566097
0.25284557883473263
0.09060734287423144
0.6990977886387473
0.8919627750552486
0.7385691708328121
0.8310583923822812
-0.196875935
-0.46974536
-0.388108925
0.046875738768793807
-0.370263922
0.04216045410723346
0.48643263802952647
0.7339155453871569
0.880998538034083
0.893280700360126
0.9430679718937214
0.47319807565675637
0.8331014085365174
0.8911592173422591
0.6732937522685223
0.5553532349513897
0.5281320623291172
0.30088644278712845
0.3464210566587493
0.46951227865188433
-0.249632167
-0.237272419
0.010405287127953577
-0.443057119
-0.542917767
-0.604460743
-0.285053622
-0.907168535
-0.41192083
-0.147222049
0.11675231639970357
0.04145269658077749
-0.323798186
-0.184795327
-0.064785527
-0.416544328
-1.205851031
-1.486837665
-1.079463275
-0.817199324
-0.569537039
-0.397113622
-0.533498523
-0.797183431
-0.902859228
-0.551054621
-0.304738288
-0.178059462
0.0868853821410191
-0.252222707
-0.145737936
-0.102771468
-0.582401137
-0.415483755
-0.514197177
0.31242924979865244
0.4175397773797797
0.4136303510898926
0.37089859144995335
0.302486456023138
0.06266041574846837
0.38006871478782694
0.288637935393573
0.4455426815464916
0.540869222715699
0.3206316095933927
0.28616071459070697
0.3990174944976395
0.3073393231075991
-0.343283046
-0.338585673
-0.217265209
-0.416399215
-0.240503691
-0.277597434
-1.307758018
-1.908035596
-2.136062396
-2.584890969
-2.500232984
-3.056874031
-2.00249352
-0.804840335
-0.039328019
0.015677766475075516
0.20979546218308837
0.10111980011416782
0.25087957846914705
0.3655926084859615
0.4794589805526162
0.4431097601831156
0.15756858942529095
0.20114644542694593
-0.039715504
0.23218612609750483
-0.20770738
-0.254991321
0.11891462571691519
0.08950271148816302
-0.026373394
-0.620285276
-0.45713768
-0.229900953
0.2776751298839227
0.24574635778411996
0.3149823326911649
0.3982565835546366
0.292593633369263
0.21153980148797608
0.4370091492398484
0.3277311869776797
0.07873327701032268
-5.122315421
-5.369717328
-4.110168097
-4.775708111
-4.534849677
-4.522008941
-3.889225071
-4.719856939
-4.252385964
-3.832607498
-3.917217999
-4.125272938
-3.766903389
-4.143577819
-4.439082098
-5.354769402
-5.877520625
-6.001542774
-6.274972472
-6.207161618
-6.462557772
-4.795565804
-5.059356269
-4.231290498
-3.872371898
-4.394747789
-3.780013014
-4.553891025
-4.517346131
-3.860748504
-4.388735631
-4.899515329
-5.017145007
-4.761563878
-4.574052513
-4.708279322
-4.138442719
-3.897419817
-4.392992016
-3.933713902
-3.405736801
-3.911024963
-4.370310137
-4.367602653
-4.587283556
-4.380072218
-4.074916573
-3.886329475
-3.687372518
-3.499974506
-3.553236339
-4.041357017
-4.087306086
-3.858272487
-3.303330881
-3.643315018
-3.919308876
-4.072423799
-3.427495281
-3.905401653
-4.051236163
-4.116787518
-4.348213443
-4.224743226
-3.874967418
-3.664574618
-3.780399366
-4.193598419
-3.78405956
-3.452626032
-3.420810538
-3.31422257
-3.664699356
-3.825996619
-3.93145529
-3.728265733
-3.409591625
-3.604196377
-3.597479301
-4.043477697
-4.178788895
-3.68133956
-3.466767017
-3.453251555
-3.808187785
-3.819869364
-3.791712521
-3.983431453
-3.423512175
-4.022666467
-3.699423815
-4.10171557
-4.128697865
-3.26164283
-3.675905148
-3.493287853
-3.596299108
-3.345602832
-3.24670485
-3.521282937
-3.336903638
-4.209300998
-4.185021666
-4.619190266
-5.401316984
-5.72929292
-5.247129417
-4.922193673
-4.51182537
-4.530166669
-4.15998561
-3.651369689
-3.603235705
-4.040094233
-6.338601287
-6.353007
-7.781346102
-8.001313006
-8.33389166
-6.765730019
-7.012117502
-6.657942545
-6.443782143
-5.535768987
-6.036825856
-6.825301919
-6.932621057
-5.962325803
-6.675274176
-6.643941525
-5.967495802
-6.416233178
-5.853125444
-5.601465096
-5.427864039
-5.499129537
-5.260250742
-6.138438302
-5.199986961
-4.866713545
-5.067633858
-6.156993189
-5.881953652
-6.246872238
-5.679678423
-5.960305566
-6.777780575
-5.435265569
-5.532447774
-5.549094659
-5.280143868
-5.592670611
-5.661846484
-5.208289985
-5.138471199
-5.127403706
-4.971001335
-4.595750477
-5.24242761
-5.184377226
-5.333351955
-4.903378305
-5.048881529
-4.838481511
-5.740703258
-5.659723609
-5.927078742
-5.106307595
-5.328681723
-5.993993864
-5.179384541
-5.320938239
-4.655797929
-5.315226238
-5.36123123
-5.512771733
-5.262102825
-5.797969838
-5.604054444
-5.679620689
-5.712402595
-5.74327788
-5.466360404
-5.234897835
-4.953148709
-4.548358567
-4.503260201
-4.285259734
-3.801121081
-4.258956018
-4.377401451
-4.188079861
-4.600181372
-4.193716083
-4.005149293
-3.994646524
-3.684928841
-3.911177752
-4.143833429
-3.804696112
-3.706535141
-3.593995313
-3.716914387
-3.640257878
-3.773427442
-3.688012341
-3.689370894
-3.569204419
-3.533672591
-3.450579607
-3.36321907
-3.234359417
-3.162241675
-3.608435101
-3.209493435
-3.676139971
-3.279524654
-3.033310186
-3.717284659
-3.185267817
-3.48085447
-3.265785372
-3.558293252
-3.316667817
-3.423908134
-3.307067802
-3.406772414
-3.031959687
-3.220664956
-3.069189357
-3.122183245
-2.909883597
-2.817793227
-3.077233003
-3.373081327
-3.060187491
-3.206587381
-3.288900262
-3.184385258
-2.755322322
-3.053262357
-3.221525821
-3.302730934
-3.41653688
-3.187912812
-3.401400912
-3.052535896
-2.826604591
-3.243926405
-2.818861707
-2.925208363
-3.114261149
-2.984872369
-3.319473824
-3.127501699
-3.118984108
-3.243411364
-3.07726824
-3.138563249
-3.120342873
-2.882500734
-2.578317343
-3.214454258
-2.898539238
-3.100225768
-3.119116978
-3.381348906
-3.051319281
-3.017052162
-3.337714928
-3.329689826
-8.310071753
-8.452243064
-8.088629172
-7.612540095
-7.993202822
-7.619849963
-8.001441221
-7.747935669
-7.545486285
-7.874115423
-7.713538298
-7.531444591
-7.336407738
-6.333498774
-4.007738075
-2.445660547
-1.915642664
-1.524977171
-1.130271285
-0.873531139
-0.500286407
-0.970733885
-1.167970979
-0.730652234
-1.709815838
-2.111775824
-2.880735903
-4.322184711
-3.401777272
-2.080443302
-1.014749358
-0.840110555
-0.520342062
-0.318661331
-0.234020791
-0.207553771
-0.137590662
-0.120981378
0.0008340638690775837
-0.092365759
-0.420026482
-1.129212383
-1.3133093
-1.954001295
-2.048705679
-1.671631618
-1.291590868
-1.163563459
-1.716194789
-1.474908277
-0.996816601
-0.305275916
0.23748759254104018
0.20351217277681016
-0.205079848
-9.73E-05
-0.405137128
-0.695142208
-0.576260502
-0.008213276
-0.060160842
0.013428018314910362
-0.142033982
-0.827921664
0.1145516690161002
0.3427185882992085
0.642217171233471
0.7942142632592866
0.8274043935385906
0.6867236655802362
0.7716158229671679
0.7011295581154855
1.0052475812777504
0.9794567244161403
1.0308786332971964
0.8661329174677113
1.0761174923788528
1.0074931721111646
1.0602917790062005
1.0721522764735198
1.4253819229765625
1.5783025958373467
1.3641489425134858
1.5693715619446518
1.5815789088310013
1.1945099403299033
1.6456359729143026
1.3946706720394701
1.1444091083492578
1.1341738826310697
1.054823342519363
1.1195998921631967
1.0406812602424886
1.4161292836019206
1.3900975629259291
1.6178520168731734
1.5573261596777006
1.077931555789695
0.22441318575475028
-1.553039424
-4.266415766
-2.900228796
-3.372388173
-1.462013397
-0.202726772
0.029866116157314992
-0.179257697
0.33863229985213544
0.3490090906558971
0.4554404460248935
0.41705029633489504
0.239999018009125
-0.037229022
0.05896299318135767
-0.075671183
0.30092116140921216
-0.135234405
-0.462872827
0.09686115835719783
0.12156107201028082
0.45531998089931075
0.36819054027043113
0.3616285447732102
0.3668120112022782
0.6796309661178086
0.7818205038891746
0.9976017091375413
0.9724413832043408
0.4637428059234256
0.7005922876794073
1.1587788178257157
1.082793339790811
0.7544165847992206
0.626893737772779
0.647507905935943
0.9273089780217567
0.7430580111082443
0.9855783178944153
1.0670288922086757
1.0352832000559389
1.0585603713736165
1.0955771046945761
1.2059683042729692
0.9509025842111334
0.5804768094142958
1.0983434745554856
-0.784625982
-1.236022807
-0.859280261
-0.515917268
-0.457204925
-0.089300639
0.4227217217207075
-0.060416132
0.8195898357876987
0.8115973226068696
1.0946974973744732
1.2472896381346172
1.3119346304429007
1.2432919792332366
0.4915810168351324
0.5750090565580761
-0.26605193
-1.102229924
-3.01317195
-2.527662236
-1.01251679
-1.910477332
-3.384707832
-1.855001784
-1.313346108
-1.816889586
-3.261816551
-2.581718884
-1.776311872
-0.884053985
-0.323448979
-0.255344945
-0.205953051
-0.506164063
-0.78951733
-0.291468823
0.22524044256053205
0.47190813917467916
0.7067383540983945
0.6609652619976814
0.8227493561562025
0.7302015501942027
0.7531401286465904
0.3065059904230661
0.4996428193522628
-0.244403022
0.16019050716965333
0.38164496473164683
0.12362143984792817
0.43379655926822597
0.6255201677033952
0.7430556262919814
0.36953350376328026
1.1612243266528957
0.7320755661216609
0.820271954755369
0.19885893132687082
0.42577129032504785
0.20640575179749704
0.11366085306693802
0.06301055207474898
-1.637804037
-1.108807329
-1.325409054
-2.409184295
-1.274949724
-0.753683502
-0.474772508
-2.449446507
-1.063725405
-0.940007986
-2.4978537
-0.765974435
-0.295481359
-0.533812871
-0.412859868
-1.095796563
-1.040380538
-0.001992108
-0.609107545
-1.063278518
-1.89470884
-1.451769176
-1.615926115
-0.561853764
-2.608399428
-1.263603541
-1.461763409
-1.709656983
-0.142727862
0.8420930859356699
0.8875956231654618
1.0559508292481017
0.851859010134594
0.6402077729234634
-0.211579237
-0.864181618
-0.674758198
0.19263906902463918
0.8836437974141609
0.7297270545090777
-0.659404073
-0.579385311
0.295215092790126
0.6358612686656355
0.8731024314123932
0.8303557309588563
0.9120177534966998
1.1052096311179638
0.7152624029123902
1.1937725700234172
0.843838840869213
0.8439518773134973
0.7635659698100903
0.8574141248835381
-0.744236724
-0.031271611
0.6106313160249792
0.9000699067899633
0.47601346698093444
-0.512837413
-2.973503544
-2.970780748
-1.318559586
-0.620475602
-0.142648271
0.11961208726293865
-0.237778883
-0.1722925
-0.446103648
-0.318962636
-0.452770983
0.004319766336270958
0.4847594665166463
0.3565998885798937
-0.109890136
0.35533047358260544
0.7423718001195776
0.34538796239333475
0.46620199973417237
-0.630624816
-0.680049621
-1.424900816
-1.963343192
-2.637798467
-1.086451224
-1.724747128
-0.744133956
0.1777457496291604
0.5171832265570726
0.5420448297141043
0.3194153830789795
0.3443846517150841
-0.002748065
0.42669893317364876
0.7606410933782322
0.3714391304198314
-0.899003725
-0.684635279
-0.117189707
-0.320088292
-1.819518813
-0.886075649
-0.91067323
-0.523381747
0.29903137603850166
0.9014270796473756
0.7010655573943332
0.4413055117742765
-0.321906312
-0.637819799
0.19488260659297124
0.24685687214392987
-2.181253224
-0.593822654
-0.198283187
-0.743588769
0.14508346955520862
0.24792710720813999
-1.382043396
-2.096296444
-3.390539299
-2.683090066
-1.185772597
-1.16076815
-1.535578616
-1.061699618
-0.624748261
-0.445640365
-0.672097998
-0.296822405
-0.929665982
-0.153769946
-0.028931808
0.19398785037071997
0.08776744626175176
0.033703465742509875
-0.425591329
-0.388821948
-0.386408111
-1.453862547
-0.670818142
-0.621826477
-0.958098155
-0.296862867
-0.904485635
-0.930711837
-0.427716692
0.34125727242612286
0.5738550636777517
0.5507672039747451
0.42075379820634756
0.6748893343975011
0.15171957456638835
-0.428227523
-0.481288981
-0.464531885
-0.896555247
-0.21767282
0.04750875544000427
0.04534815377188345
-0.650295383
-0.696343268
-2.795861423
-4.156098116
-3.580945119
-3.518004848
-2.790800109
